BYSL00000893,0,FS527258160501,-1,268.0,-268.0
BYSL00000893,1,FS527258169701,1,268.0,268.0
BYSL00000893,2,FS527230163001,1,198.0,198.0
BYSL00000893,3,24627209125406,1,298.0,298.0
BYSL00000893,4,K9527220210202,1,120.0,120.0
BYSL00000893,5,01527291670102,1,268.0,268.0
BYSL00000893,6,QY527271800242,1,158.0,158.0
BYSL00000893,7,ST040000010000,8,0.0,0.0
BYSL00000897,0,04527200711305,1,198.0,198.0
BYSL00000897,1,MY627234650201,1,120.0,120.0
BYSL00000897,2,01227111791001,1,249.0,249.0
BYSL00000897,3,MY627234610402,1,120.0,120.0
BYSL00000897,4,01527282681202,1,268.0,268.0
BYSL00000897,5,84126182820102,1,158.0,158.0
BYSL00000897,6,K9127105010402,1,239.0,239.0
BYSL00000897,7,QY127175210405,1,199.0,199.0
BYSL00000897,8,24127151630206,1,299.0,299.0
BYSL00000897,9,G1126101350002,1,158.0,158.0
BYSL00000897,10,FS527258160501,1,198.0,198.0
BYSL00000897,11,ST040000010000,13,0.0,0.0